Sample	Total_Cont_Screened	Passed_Cont_Screen	Percentage_Passed_Cont_Screen	Screening_PE_written	Screening_SE_written	Screening_discarded	Deduper_Reads	Deduper_Duplicates	Deduper_Outputted_Reads	Deduper_Percent_Duplicates	Deduper_Discarded	Sickle_Pairs_Kept	Sickle_Single_Kept	Sickle_Pairs_Discarded	Sickle_Single_Discarded	Sickle_R1_BP_Left_Removed	Sickle_R1_BP_Right_Removed	Sickle_R2_BP_Left_Removed	Sickle_R2_BP_Right_Removed	Sickle_R1_PolyAT_Trim	Sickle_R1_PolyAT_Trim	Flash_Pairs	Flash_Discarded	Combined_Pairs	Innie_Combined	Innie_Combined_Percent	Outie_Combined	Outie_Combined_Percent	Uncombined	Percent_Combined	A	T	G	C	N	PolyA_Removed_Reads	PolyT_Removed_Reads	Short_discarded	PE_Kept	SE_Kept	Forced_Pairs	R1_Ave_Len	R2_Ave_Len	SE_Ave_Len	AverageQual
I564	16976261	16967574	99.95	16966917	0	18688	16747551	5232332	11515219	31.24	219366	22583706	214690	17352	214690	364945	6355600	920013	5853461	52950	58685	11291853	0	7457388	6596391	88.45	860997	11.55	3834465	66.04	472969841	486215147	390797371	419168206	11284	3041	897	155181	3724121	7627241	0	99.64	99.22	134.86	39.74
I563	16798632	16787477	99.93	16786726	0	23812	16571444	4844972	11726472	29.24	215282	23017758	209094	16998	209094	364108	6309107	905319	5768384	51648	59453	11508879	0	7768964	6829954	87.91	939010	12.09	3739915	67.5	477199433	490019308	396023638	422926462	10973	2966	611	153680	3632348	7931945	0	99.64	99.21	134.13	39.74
I562	16223579	16211202	99.92	16210399	0	26360	16001971	4391642	11610329	27.44	208428	22753606	223099	20854	223099	390925	6968848	957466	6454832	59333	63872	11376803	0	7398778	6567577	88.77	831201	11.23	3978025	65.03	481350706	495242747	391528994	424666093	11209	2727	1021	158076	3866779	7575047	0	99.62	99.24	135.16	39.72
I561	17610863	17594978	99.91	17594062	0	33602	17368776	5170507	12198269	29.77	225286	23894506	240981	20070	240981	387330	7127782	1036700	6446923	56745	65321	11947253	0	7816643	6900816	88.28	915827	11.72	4130610	65.43	503947248	517398735	412569030	441551290	11647	2966	791	170914	4010653	8006667	0	99.63	99.20	134.64	39.71
C92	17759580	17746912	99.93	17746078	0	27004	17518620	5020957	12497663	28.66	227458	24411170	279307	25542	279307	429483	8389732	1232086	7617278	69593	79334	12205585	0	7708799	6875276	89.19	833523	10.81	4496786	63.16	525062489	538695840	423724627	454646856	11965	3691	970	194381	4360183	7930328	0	99.59	99.16	135.63	39.69
C93	15311614	15304542	99.95	15303983	0	15262	15107371	4132912	10974459	27.36	196612	21522446	204132	18208	204132	351236	6400600	956445	5710493	47426	61436	10761223	0	7170315	6354749	88.63	815566	11.37	3590908	66.63	452432273	464801754	369348796	395762161	10651	2954	785	147993	3487465	7329897	0	99.61	99.21	134.92	39.73
I864	13461327	13450989	99.92	13450524	0	21606	13278651	4294596	8984055	32.34	171873	17664852	146598	10062	146598	249992	6337610	664886	4876798	29436	32330	8832426	0	5950914	5223310	87.77	727604	12.23	2881512	67.38	360098757	369145352	307692766	328375417	7669	2945	395	142362	2780084	6056578	0	99.78	99.16	134.11	39.54
C91	15146024	15138457	99.95	15137897	0	16254	14942837	3925445	11017392	26.27	195060	21577496	217135	23018	217135	370676	7670293	1052361	7034295	60181	74499	10788748	0	7260049	6405342	88.23	854707	11.77	3528699	67.29	453124759	466809891	361798842	394967505	10970	2833	941	161313	3418712	7425858	0	99.52	99.17	134.32	39.73
I862	16828652	16815030	99.92	16814162	0	28980	16598692	4804786	11793906	28.95	215470	23075522	244366	23558	244366	396946	8034566	1120012	7282553	63561	73291	11537761	0	7689466	6737161	87.62	952305	12.38	3848295	66.65	482565415	495737326	392695413	424629315	11134	2908	951	175429	3728111	7878587	0	99.55	99.16	133.88	39.71
I863	15164816	15155925	99.94	15155289	0	19054	14960145	4426299	10533846	29.59	195144	20646228	201873	17718	201873	344130	6493586	896408	5890471	51472	58938	10323114	0	6856860	6033033	87.99	823827	12.01	3466254	66.42	431938700	443082233	356286724	379385935	9790	2750	828	147789	3363726	7013472	0	99.61	99.19	134.31	39.72
C94	15683217	15670862	99.92	15670062	0	26310	15469124	5406683	10062441	34.95	200938	19684758	209653	20818	209653	334217	6947479	1007733	6555355	59705	65388	9842379	0	6606313	5816770	88.05	789543	11.95	3236066	67.12	408888610	422781509	336558507	361692909	9397	2782	717	153862	3133546	6764624	0	99.52	99.15	134.14	39.73
I861	18850120	18839679	99.94	18838969	0	22302	18595711	10536196	8059515	56.66	243258	15732110	186989	12942	186989	241925	4823038	696716	4123392	33396	42221	7866055	0	5093848	4417299	86.72	676549	13.28	2772207	64.76	318556670	327601873	282886301	304646620	7091	2111	408	121006	2688302	5243736	0	99.68	99.19	133.32	39.71
I893	14935206	14920396	99.9	14919546	0	31320	14728504	3825728	10902776	25.97	191042	21415376	186966	16244	186966	343537	6784839	838752	6072925	49924	57903	10707688	0	7520341	6454098	85.82	1066243	14.18	3187347	70.23	434777436	448431601	355378565	385070869	9992	2419	715	146788	3087520	7660346	0	99.59	99.17	131.85	39.74
I892	18060556	18049334	99.94	18048540	0	24032	17816627	5080106	12736521	28.51	231913	24969048	240547	22900	240547	418640	8272502	1139750	7584038	63817	73131	12484524	0	8376282	7274236	86.84	1102046	13.16	4108242	67.09	518857688	534205874	422392834	458224749	11881	3015	976	179062	3987251	8558758	0	99.55	99.21	133.34	39.74
I891	16820655	16810566	99.94	16809868	0	21574	16593296	4595370	11997926	27.69	216572	23556214	209832	19974	209832	381340	7288261	952532	6751472	58875	62070	11778107	0	7908009	6875762	86.95	1032247	13.05	3870098	67.14	488614691	502975817	399299234	431959220	11116	2652	682	163567	3759216	8065156	0	99.60	99.22	133.35	39.74
C64	16455087	16445572	99.94	16444921	0	20332	16233312	4830378	11402934	29.76	211609	22346798	219143	20784	219143	370547	7314462	1007145	6580622	58700	68980	11173399	0	7552134	6645439	87.99	906695	12.01	3621265	67.59	466168663	479612753	378074674	408988182	10755	2820	819	160537	3510491	7721514	0	99.57	99.18	134.06	39.74
C63	14304351	14294148	99.93	14293443	0	21816	14109484	3779116	10330368	26.78	183959	20240500	200376	19484	200376	347107	6424500	880272	5927552	54358	57904	10120250	0	6647919	5871789	88.33	776130	11.67	3472331	65.69	424866812	437383455	346913375	376701263	9914	2730	716	146954	3369701	6803971	0	99.60	99.20	134.62	39.71
C62	15117690	15105513	99.92	15104754	0	25872	14911165	4504385	10406780	30.21	193589	20448374	175753	13680	175753	309121	5376106	747482	4734872	39105	46567	10224187	0	6970646	6092279	87.4	878367	12.6	3253541	68.18	420833669	431946034	351641097	374547552	9675	2494	539	133788	3159871	7106281	0	99.68	99.22	133.75	39.73
C61	17075987	17060151	99.91	17059215	0	33544	16839384	5359655	11479729	31.83	219831	22579610	183157	13534	183157	347142	5947400	793246	5313334	44853	51954	11289805	0	7799701	6859049	87.94	940652	12.06	3490104	69.09	464756888	478596975	383003727	413831365	10980	2463	597	140839	3392635	7939488	0	99.67	99.24	134.19	39.77
I894	15645659	15634412	99.93	15633645	0	24028	15432831	4319456	11113375	27.99	200814	21792916	206950	19934	206950	366368	7331039	987970	7036670	62446	67356	10896458	0	7516891	6434445	85.6	1082446	14.4	3379567	68.98	444970813	460858790	363950133	392787852	10111	2749	752	162663	3272962	7667783	0	99.50	99.16	132.03	39.75
I592	14758443	14748976	99.94	14748345	0	20196	14559602	3849875	10709727	26.44	188743	21008274	196980	17220	196980	346318	7048251	967821	6150177	49542	66333	10504137	0	7247780	6253241	86.28	994539	13.72	3256357	69.0	432560941	444637953	348947079	379912859	10006	2485	711	151301	3154631	7395185	0	99.57	99.15	132.40	39.73
I593	17085199	17077792	99.96	17077138	0	16122	16857112	4864929	11992183	28.86	220026	23535874	215485	17522	215485	370499	7223111	989183	6456814	50879	65883	11767937	0	8009992	6962214	86.92	1047778	13.08	3757945	68.07	486492865	500716288	396181411	429152253	11161	2990	855	163940	3646224	8173258	0	99.60	99.20	133.08	39.75
I591	16564087	16551900	99.93	16551057	0	26060	16339013	4562036	11776977	27.92	212044	23081906	225961	20126	225961	399258	8242311	1101866	7462198	63805	79773	11540953	0	7922842	6863560	86.63	1059282	13.37	3618111	68.65	476081190	489499522	384086791	419538014	10773	2769	838	171978	3500972	8093964	0	99.53	99.14	132.65	39.75
I594	16308679	16296173	99.92	16295305	0	26748	16085455	4564485	11520970	28.38	209850	22584000	218903	20134	218903	387162	8532231	1078513	7462734	62192	76185	11292000	0	7579609	6778395	89.43	801214	10.57	3712391	67.12	474170352	488064431	381773233	418690589	10888	2908	947	167476	3598765	7744662	0	99.57	99.18	135.25	39.73
